delikkaya1 : 37.44734761866908,34.65092557780661
delikkaya2 : 37.44770191724635,34.652187694995355
delikkaya3 : 37.447786749830016,34.652407744284716